0
33
35
42
42
60
61
80
90
95
95
100
145
152
165
168
173
196
199
204
216
217
237
238
251
258
283
292
314
323
327
328
354
368
389
405
414
444
451
477
490
500
521
524
558
575
585
601
621
622
645
709
722
756
770
820
829
878
881
890
892
896
974
1003
1014
1030
1037
1042
1082
1088
1090
1103
1114
1131
1143
1145
1162
1171
1177
1185
1194
1196
1202
1209
1220
1239
1242
1249
1255
1272
1275
1290
1299
1302
1304
1309
1319
1322
1326
1334
1344
1344
1347
1352
1366
1374
1387
1393
1396
1399
1432
1432
1443
1444
1462
1471
1481
1507
1518
1527
1530
1551
1562
1565
1572
1587
1589
1592
1598
1602
1612
1626
1652
1670
1689
1690
1705
1708
1715
1722
1730
1730
1767
1782
1785
1790
1792
1793
1794
1795
1806
1807
1809
1810
1817
1841
1855
1860
1877
1877
1881
1882
1885
1907
1960
1970
2000
2008
2040
2063
2116
2127
2138
2147
2151
2158
2163
2166
2167
2170
2177
2182
2191
2213
2220
2223
2228
2229
2233
2252
2307
2350
2357
2359
2359
2367
2376
2390
2390
2395
2416
2422
2427
2430
2434
2445
2446
2448
2475
2477
2490
2517
2557
2558
2592
2596
2605
2624
2646
2686
2689
2737
2742
2754
2807
2826
2829
2837
2850
2863
2866
2883
2895
2910
2919
2935
2941
2970
2980
2989
2994
3011
3012
3019
3028
3035
3056
3069
3087
3087
3107
3134
3155
3156
3188
3200
3215
3272
3290
3337
3344
3369
3386
3389
3451
3482
3535
3559
3563
3563
3586
3603
3604
3615
3630
3657
3684
3722
3756
3812
3847
3848
3851
3870
3877
3882
3890
3892
3912
3935
3939
3945
3947
3970
3977
3983
3991
4012
4017
4029
4032
4045
4070
4081
4116
4119
4131
4158
4171
4173
4174
4181
4186
4194
4203
4224
4228
4237
4238
4247
4270
4278
4285
4292
4306
4349
4415
4428
4450
4462
4475
4486
4518
4522
4525
4547
4565
4587
4638
4654
4682
4706
4759
4762
4764
4776
4781
4793
4799
4818
4829
4839
4879
4885
4891
4908
4927
4969
4985
4992